grid_0 = off
grid_0 = off
#cam rotation: 
camR0_0: 0.549469 0.046506 0.834219 0.000000
camR1_0: 0.039864 0.995853 -0.081773 0.000000
camR2_0: -0.834563 0.078187 0.545336 0.000000
camR3_0: 0.000000 0.000000 0.000000 1.000000
camT0_0: 1.000000 0.000000 0.000000 0.000000
camT1_0: 0.000000 1.000000 0.000000 0.000000
camT2_0: 0.000000 0.000000 1.000000 0.000000
camT3_0: -85.000000 1.000000 5000.000000 1.000000
camS0_0: 3.091752 0.000000 0.000000 0.000000
camS1_0: 0.000000 3.091752 0.000000 0.000000
camS2_0: 0.000000 0.000000 3.091752 0.000000
camS3_0: 0.000000 0.000000 0.000000 1.000000
